13.0.0.5 --> 13.0.0.6,100,0,1.82e-07,0.0057324
14.0.0.6 --> 14.0.0.5,100,0,8e-08,0.0057324
14.0.0.5 --> 14.0.0.6,100,0,8.56e-08,0.00437385
13.0.0.6 --> 13.0.0.5,100,0,8.56e-08,0.00437385
1.0.0.2 --> 7.0.0.2,68,31,0.0513167,0.110242
1.0.0.2 --> 7.0.0.3,91,8,0.0430667,0.147885
1.0.0.2 --> 7.0.0.4,18,81,0.01835,0.0311419
1.0.0.2 --> 7.0.0.5,31,68,0.0340833,0.0540575
1.0.0.2 --> 7.0.0.6,50,50,0.0438167,0.0851427
1.0.0.2 --> 7.0.0.7,100,0,0.0294667,0.161708
1.0.0.2 --> 7.0.0.8,13,86,0.0161333,0.0265217
1.0.0.2 --> 7.0.0.9,81,18,0.0486333,0.132641
1.0.0.2 --> 7.0.0.10,98,1,0.0340167,0.15864
1.0.0.2 --> 7.0.0.11,25,75,0.0247333,0.0484279
7.0.0.2 --> 1.0.0.2,100,0,0.0342471,0.161821
7.0.0.3 --> 1.0.0.2,100,0,0.0287974,0.161658
7.0.0.4 --> 1.0.0.2,78,21,0.0427956,0.132457
7.0.0.5 --> 1.0.0.2,85,15,0.0453075,0.143027
7.0.0.6 --> 1.0.0.2,31,68,0.0345947,0.05464
7.0.0.7 --> 1.0.0.2,100,0,0.0349639,0.161658
7.0.0.8 --> 1.0.0.2,58,41,0.0459928,0.0987768
7.0.0.9 --> 1.0.0.2,95,5,0.0343674,0.15342
7.0.0.10 --> 1.0.0.2,100,0,0.0359972,0.161333
7.0.0.11 --> 1.0.0.2,15,85,0.0155896,0.0295933
